epoch	loss	acc	val_loss	val_acc
64	0.009279412217438221	0.6603631973266602	0.012075668200850487	0.7566615343093872
70	0.009254052303731441	0.6591382622718811	0.012407805770635605	0.7557427287101746
72	0.008775390684604645	0.6591382622718811	0.0184212364256382	0.7557427287101746
epoch	loss	acc	val_loss	val_acc
0	0.4019958972930908	0.15494035184383392	0.20989331603050232	0.7203675508499146
1	0.06503202021121979	0.639798104763031	0.03014528378844261	0.7203675508499146
2	0.03870132192969322	0.6330682039260864	0.034782420843839645	0.7203675508499146
3	0.03250402212142944	0.6199143528938293	0.0204873476177454	0.7203675508499146
4	0.030684595927596092	0.6272560358047485	0.018182488158345222	0.7203675508499146
5	0.020992115139961243	0.6352095603942871	0.01625637337565422	0.7203675508499146
6	0.022605501115322113	0.637350857257843	0.04264229163527489	0.6875957250595093
7	0.029608000069856644	0.620832085609436	0.04905807226896286	0.7203675508499146
8	0.02334250882267952	0.6324564218521118	0.01166513655334711	0.7203675508499146
9	0.024712778627872467	0.6336800456047058	0.0323590412735939	0.7203675508499146
10	0.02449681982398033	0.6309269070625305	0.025842968374490738	0.7203675508499146
11	0.0293932743370533	0.6300091743469238	0.04914490878582001	0.6885145306587219
12	0.02719566971063614	0.6223616003990173	0.024785950779914856	0.7203675508499146
13	0.021423323079943657	0.638574481010437	0.027651526033878326	0.7203675508499146
14	0.02233184687793255	0.6333740949630737	0.011090279556810856	0.7203675508499146
15	0.020502446219325066	0.6281737685203552	0.012435154058039188	0.7203675508499146
16	0.025583667680621147	0.6333740949630737	0.04258120059967041	0.6915773153305054
17	0.03581788390874863	0.6358213424682617	0.01592744141817093	0.7203675508499146
18	0.025225399062037468	0.6324564218521118	0.03510948643088341	0.7200612425804138
19	0.030561991035938263	0.6281737685203552	0.03219335898756981	0.7203675508499146
20	0.019240589812397957	0.6327623128890991	0.029372984543442726	0.7203675508499146
21	0.01983819715678692	0.6312327980995178	0.030935486778616905	0.6921898722648621
22	0.03288113325834274	0.6248087882995605	0.02437315508723259	0.7203675508499146
23	0.02377011999487877	0.6309269070625305	0.018985502421855927	0.7203675508499146
24	0.015156514942646027	0.6391863226890564	0.019965076819062233	0.6918836236000061
25	0.025836311280727386	0.6355154514312744	0.02141539752483368	0.7203675508499146
26	0.016031233593821526	0.6358213424682617	0.017476830631494522	0.6940275430679321
27	0.024426376447081566	0.6321505308151245	0.016982095316052437	0.7203675508499146
28	0.021025534719228745	0.6352095603942871	0.02631809003651142	0.6949464082717896
29	0.028010757640004158	0.6349036693572998	0.013239427469670773	0.7203675508499146
epoch	loss	acc	val_loss	val_acc
0	0.16339708864688873	0.6760789752006531	0.05719468370079994	0.6222051978111267
1	0.04894661158323288	0.6633762121200562	0.03887467831373215	0.6252679824829102
2	0.03780338913202286	0.6688858270645142	0.06992863118648529	0.6350688934326172
3	0.03516513109207153	0.6682736277580261	0.0411975160241127	0.6350688934326172
4	0.02950195036828518	0.668732762336731	0.03438699617981911	0.6200612783432007
5	0.028554704040288925	0.6750076413154602	0.028300369158387184	0.6280245184898376
6	0.026774093508720398	0.6766911745071411	0.02824321947991848	0.6206738352775574
7	0.04745916277170181	0.6759259104728699	0.0292435921728611	0.6335375308990479
8	0.029555637389421463	0.6682736277580261	0.02288404107093811	0.6347626447677612
9	0.028342610225081444	0.6731711030006409	0.0222968477755785	0.6341500878334045
10	0.026944942772388458	0.6763850450515747	0.028457142412662506	0.619448721408844
11	0.025807423517107964	0.6668962240219116	0.03145969659090042	0.6200612783432007
12	0.029898153617978096	0.6694980263710022	0.03844437375664711	0.6200612783432007
13	0.02798958122730255	0.6736302375793457	0.03588510677218437	0.6304513812065125
14	0.029875827953219414	0.6698040962219238	0.052443042397499084	0.6078100800514221
15	0.0289657823741436	0.6716406345367432	0.05195731669664383	0.6127105951309204
16	0.02499195747077465	0.6753137707710266	0.04319076985120773	0.6206738352775574
17	0.024675365537405014	0.6714876294136047	0.03073624148964882	0.62159264087677
18	0.02613058313727379	0.6717936992645264	0.02355092391371727	0.6344563364982605
19	0.020516399294137955	0.6768441796302795	0.018056685104966164	0.6212863922119141
20	0.025924481451511383	0.6737833023071289	0.021359924226999283	0.6176110506057739
21	0.021458346396684647	0.6691918969154358	0.014417347498238087	0.6347626447677612
22	0.019084712490439415	0.6696510314941406	0.02055417373776436	0.6350688934326172
23	0.022600851953029633	0.6719467639923096	0.021680353209376335	0.6347626447677612
24	0.022085677832365036	0.6653657555580139	0.02581816352903843	0.6151608228683472
25	0.019565938040614128	0.6719467639923096	0.027321703732013702	0.6243268251419067
26	0.023604094982147217	0.6707223653793335	0.02135305106639862	0.6206738352775574
27	0.020092925056815147	0.6760789752006531	0.023641837760806084	0.6277182102203369
28	0.0220168624073267	0.6730180382728577	0.025673512369394302	0.6218989491462708
29	0.02169172279536724	0.6707223653793335	0.020176611840724945	0.6347626447677612
30	0.022068707272410393	0.665977954864502	0.019701363518834114	0.6212863922119141
31	0.01729203388094902	0.6722528338432312	0.018132004886865616	0.6350688934326172
32	0.01996772736310959	0.6742424368858337	0.023906609043478966	0.6298621892929077
33	0.017323201522231102	0.6702632308006287	0.017303800210356712	0.6347626447677612
34	0.018030060455203056	0.6757729053497314	0.016074594110250473	0.6350688934326172
35	0.017848826944828033	0.675466775894165	0.01581249013543129	0.6347626447677612
36	0.0182742141187191	0.6734771728515625	0.01691918447613716	0.6350688934326172
epoch	loss	acc	val_loss	val_acc
0	0.1421053558588028	0.5191345810890198	0.05248716473579407	0.6499234437942505
1	0.041820354759693146	0.6556791663169861	0.027399325743317604	0.6817764043807983
2	0.03497203439474106	0.6500663161277771	0.024392632767558098	0.6924961805343628
3	0.02779224142432213	0.6564955711364746	0.029519330710172653	0.6928024291992188
4	0.0393485501408577	0.6570058465003967	0.05239866301417351	0.6909647583961487
5	0.02557159587740898	0.6615981459617615	0.022646227851510048	0.6928024291992188
6	0.02443142980337143	0.6556791663169861	0.045908208936452866	0.6928024291992188
7	0.029901063069701195	0.660781741142273	0.016971228644251823	0.6888208389282227
8	0.02497217431664467	0.6585366129875183	0.019517820328474045	0.6906585097312927
9	0.02320704609155655	0.6614960432052612	0.03185213729739189	0.6928024291992188
10	0.02188899740576744	0.6603735089302063	0.024324962869286537	0.6928024291992188
11	0.02462206967175007	0.6565976142883301	0.03979508578777313	0.6928024291992188
12	0.0213948804885149	0.6606796383857727	0.030726289376616478	0.6928024291992188
13	0.022672761231660843	0.6573119759559631	0.015845688059926033	0.6888208389282227
14	0.020885001868009567	0.6569037437438965	0.02797185815870762	0.6928024291992188
15	0.02255096659064293	0.6552709341049194	0.021868595853447914	0.6897396445274353
16	0.020517831668257713	0.6544545292854309	0.027297336608171463	0.6928024291992188
17	0.02104892022907734	0.6601694226264954	0.027225345373153687	0.6928024291992188
18	0.023282881826162338	0.6564955711364746	0.025181332603096962	0.6928024291992188
19	0.019784940406680107	0.6541483998298645	0.023733189329504967	0.6928024291992188
20	0.01970389299094677	0.6547607183456421	0.029972825199365616	0.6928024291992188
21	0.01824176125228405	0.6553729772567749	0.021285373717546463	0.6928024291992188
22	0.020709581673145294	0.6571078896522522	0.023210924118757248	0.6928024291992188
23	0.017638027667999268	0.6525155901908875	0.017292173579335213	0.6928024291992188
24	0.021168777719140053	0.6572099328041077	0.018415717408061028	0.6928024291992188
25	0.017165973782539368	0.657720148563385	0.03337499499320984	0.6928024291992188
26	0.017743460834026337	0.6553729772567749	0.015107101760804653	0.6928024291992188
27	0.018395883962512016	0.6585366129875183	0.016397729516029358	0.6928024291992188
28	0.01887078583240509	0.6589447855949402	0.023079348728060722	0.6928024291992188
29	0.016333699226379395	0.6559852957725525	0.016705479472875595	0.6928024291992188
30	0.019263479858636856	0.6591488718986511	0.04911087825894356	0.6928024291992188
31	0.017640380188822746	0.657720148563385	0.02511269599199295	0.6928024291992188
32	0.017055928707122803	0.6543524861335754	0.020058736205101013	0.6928024291992188
33	0.016914784908294678	0.6609858274459839	0.014464489184319973	0.6928024291992188
34	0.01731095463037491	0.6579242944717407	0.05091429501771927	0.6928024291992188
35	0.018832150846719742	0.6601694226264954	0.02440793253481388	0.6928024291992188
36	0.019605053588747978	0.6580263376235962	0.021498065441846848	0.6928024291992188
37	0.017401158809661865	0.657720148563385	0.020107120275497437	0.6928024291992188
38	0.01689922995865345	0.6556791663169861	0.042955707758665085	0.6897396445274353
39	0.018337132409214973	0.6564955711364746	0.016836080700159073	0.6928024291992188
40	0.015048685483634472	0.6576181054115295	0.01899312622845173	0.6928024291992188
41	0.016274016350507736	0.6559852957725525	0.01977022923529148	0.6928024291992188
42	0.01773877814412117	0.6559852957725525	0.02654433436691761	0.6894333958625793
43	0.015876902267336845	0.6598632335662842	0.014437087811529636	0.6928024291992188
44	0.015587336383759975	0.6588427424430847	0.015410186722874641	0.6897396445274353
45	0.016312936320900917	0.656801700592041	0.01531361322849989	0.6928024291992188
46	0.015353769063949585	0.6556791663169861	0.017119698226451874	0.6928024291992188
47	0.013743975199759007	0.654046356678009	0.013917897827923298	0.6928024291992188
48	0.015066820196807384	0.6606796383857727	0.03578775003552437	0.6928024291992188
49	0.016650579869747162	0.6562914848327637	0.033365264534950256	0.6928024291992188
50	0.015574346296489239	0.6592509150505066	0.012228161096572876	0.6928024291992188
51	0.01426626741886139	0.6617190837860107	0.016833486035466194	0.6891270875930786
52	0.013715044595301151	0.6563935279846191	0.013434662483632565	0.6928024291992188
53	0.013151788152754307	0.6580263376235962	0.012450593523681164	0.6928024291992188
54	0.016036570072174072	0.6543524861335754	0.03293093293905258	0.6928024291992188
55	0.013910590671002865	0.6593530178070068	0.011190174147486687	0.6928024291992188
56	0.014897583052515984	0.6555771231651306	0.017793508246541023	0.6928024291992188
57	0.012683124281466007	0.6564955711364746	0.011265252716839314	0.6928024291992188
58	0.014924897812306881	0.6589447855949402	0.014464016072452068	0.6928024291992188
59	0.01535556185990572	0.65425044298172	0.017492923885583878	0.6928024291992188
60	0.01631985232234001	0.6571078896522522	0.02221466787159443	0.6928024291992188
61	0.014791976660490036	0.6591488718986511	0.014544259756803513	0.6928024291992188
62	0.013513649813830853	0.657720148563385	0.013464446179568768	0.6928024291992188
63	0.014056222513318062	0.6555771231651306	0.015584653243422508	0.6897396445274353
64	0.013902779668569565	0.656087338924408	0.011564054526388645	0.6928024291992188
65	0.013173801824450493	0.6588427424430847	0.01163068599998951	0.6928024291992188
66	0.011805209331214428	0.6599652767181396	0.01737499237060547	0.6928024291992188
67	0.018928678706288338	0.6581283807754517	0.012954949401319027	0.6928024291992188
68	0.013092375360429287	0.6569037437438965	0.013239357620477676	0.6897396445274353
69	0.012234249152243137	0.6579242944717407	0.01049171481281519	0.6928024291992188
70	0.01689288765192032	0.6539442539215088	0.03066318668425083	0.6897396445274353
71	0.014699327759444714	0.65425044298172	0.020369483157992363	0.6928024291992188
72	0.011878665536642075	0.655883252620697	0.012040525674819946	0.6928024291992188
73	0.014347288757562637	0.6579242944717407	0.009740680456161499	0.6897396445274353
74	0.015559779480099678	0.6594550609588623	0.011169386096298695	0.6894333958625793
75	0.013211959041655064	0.6534340381622314	0.00942035298794508	0.6897396445274353
76	0.014993594959378242	0.6606796383857727	0.01103219110518694	0.6897396445274353
77	0.012873651459813118	0.6553729772567749	0.0264865942299366	0.6897396445274353
78	0.012873226776719093	0.6589447855949402	0.011995749548077583	0.6928024291992188
79	0.012816212140023708	0.66241455078125	0.009582433849573135	0.6928024291992188
80	0.011776380240917206	0.6559852957725525	0.010473381727933884	0.6897396445274353
81	0.013736513443291187	0.6589447855949402	0.0181533582508564	0.6897396445274353
82	0.0135712381452322	0.6562914848327637	0.011978239752352238	0.6894333958625793
83	0.013252255506813526	0.6541483998298645	0.009589310735464096	0.6897396445274353
84	0.012311526574194431	0.6592509150505066	0.01753169484436512	0.6891270875930786
85	0.013889103196561337	0.656087338924408	0.009247570298612118	0.6897396445274353
86	0.011740772984921932	0.6559852957725525	0.010634716600179672	0.6897396445274353
87	0.015260987915098667	0.6579242944717407	0.014462357386946678	0.6897396445274353
88	0.01374886929988861	0.6574140191078186	0.009164644405245781	0.6894333958625793
89	0.011112208478152752	0.6592509150505066	0.009429900906980038	0.6897396445274353
90	0.01133995596319437	0.6614960432052612	0.010197280906140804	0.690045952796936
91	0.012447232380509377	0.6561893820762634	0.010924803093075752	0.6888208389282227
92	0.011608369648456573	0.6570058465003967	0.009216788224875927	0.6897396445274353
93	0.012202252633869648	0.6573119759559631	0.009843754582107067	0.6891270875930786
94	0.01176406629383564	0.653331995010376	0.010344400070607662	0.6891270875930786
95	0.011547885835170746	0.655883252620697	0.010409587994217873	0.6928024291992188
96	0.011852006427943707	0.6592509150505066	0.008300741203129292	0.6918836236000061
97	0.012933588586747646	0.6615981459617615	0.010865849442780018	0.6928024291992188
98	0.010907350108027458	0.6559852957725525	0.010191229172050953	0.6928024291992188
99	0.01177099160850048	0.6562914848327637	0.013725623488426208	0.6897396445274353
100	0.014086037874221802	0.6588427424430847	0.009367035701870918	0.6894333958625793
101	0.011908086948096752	0.6535360813140869	0.010105817578732967	0.6928024291992188
102	0.01236480101943016	0.6562914848327637	0.009610849432647228	0.6897396445274353
103	0.011401494964957237	0.6544545292854309	0.008810094557702541	0.6897396445274353
104	0.014935441315174103	0.6574140191078186	0.009649509564042091	0.6928024291992188
105	0.01002162229269743	0.6625165939331055	0.013078093528747559	0.6928024291992188
106	0.012177584692835808	0.6609858274459839	0.012084457091987133	0.6897396445274353
107	0.01159340888261795	0.6538422107696533	0.010723222978413105	0.6902692317962646
108	0.013035448268055916	0.6557812094688416	0.029886173084378242	0.6928024291992188
109	0.01342941727489233	0.6586386561393738	0.011229480616748333	0.6897396445274353
110	0.012205415405333042	0.6578222513198853	0.020900126546621323	0.6897396445274353
111	0.011560770682990551	0.6566996574401855	0.00898254755884409	0.6894333958625793
epoch	loss	acc	val_loss	val_acc
0	0.08898600935935974	0.6517146229743958	0.05105730518698692	0.647166907787323
1	0.04568931460380554	0.657072901725769	0.05372665822505951	0.6091883778572083
2	0.037923894822597504	0.6657226085662842	0.06642109155654907	0.5920367240905762
3	0.039817504584789276	0.6628138422966003	0.023943141102790833	0.6131699681282043
4	0.0408000685274601	0.6657226085662842	0.02750943973660469	0.6091883778572083
5	0.031409528106451035	0.6650336980819702	0.033360835164785385	0.6107197403907776
6	0.03000754490494728	0.6630434989929199	0.06336277723312378	0.6180704236030579
7	0.023574544116854668	0.6697030067443848	0.01571883261203766	0.6453292369842529
8	0.02198861725628376	0.6670238971710205	0.033690959215164185	0.6456355452537537
9	0.020208632573485374	0.6694733500480652	0.039328064769506454	0.6162327527999878
10	0.0209963396191597	0.6680189967155457	0.02685285545885563	0.6150076389312744
11	0.023522324860095978	0.6680189967155457	0.023211801424622536	0.6165390610694885
12	0.026388585567474365	0.6658756732940674	0.02257443591952324	0.6162327527999878
13	0.02123047038912773	0.6678658723831177	0.019747523590922356	0.6180704236030579
14	0.0205992441624403	0.6651867628097534	0.017136339098215103	0.6483920216560364
15	0.017975924536585808	0.6669473648071289	0.021780306473374367	0.6177641749382019
16	0.01777671091258526	0.6644213199615479	0.02031725086271763	0.6483920216560364
17	0.016497479751706123	0.6656460762023926	0.02412698045372963	0.6162327527999878
18	0.020926345139741898	0.664727509021759	0.031745146960020065	0.6177641749382019
19	0.01719176024198532	0.665263295173645	0.01968863047659397	0.6189892888069153
20	0.018478766083717346	0.6663349866867065	0.022348688915371895	0.6483920216560364
21	0.018048277124762535	0.6664880514144897	0.019219744950532913	0.6180704236030579
22	0.01722653955221176	0.6660287976264954	0.016165727749466896	0.6483920216560364
epoch	loss	acc	val_loss	val_acc
0	0.11235273629426956	0.5826444029808044	0.038895025849342346	0.6113322973251343
1	0.03831801563501358	0.6495804786682129	0.03791863098740578	0.6131699681282043
2	0.029261121526360512	0.6593177914619446	0.03350905701518059	0.6223583221435547
3	0.026957355439662933	0.65888911485672	0.03103715553879738	0.6477794647216797
4	0.028744561597704887	0.6591953039169312	0.033295951783657074	0.6477794647216797
5	0.024864422157406807	0.661338746547699	0.03232603147625923	0.6027565002441406
6	0.032343581318855286	0.6606650948524475	0.023549312725663185	0.6416538953781128
7	0.02288474701344967	0.6617061495780945	0.020271770656108856	0.6477794647216797
8	0.02024996466934681	0.661889910697937	0.024725787341594696	0.647166907787323
9	0.01976536586880684	0.6626859903335571	0.025373294949531555	0.6474732160568237
10	0.021246807649731636	0.6628084778785706	0.017295632511377335	0.6477794647216797
11	0.019986269995570183	0.663788378238678	0.03170391917228699	0.6235834360122681
12	0.027515621855854988	0.6547247171401978	0.01798994652926922	0.6477794647216797
13	0.01997513882815838	0.6603588461875916	0.016679799184203148	0.6477794647216797
14	0.01914023421704769	0.6617061495780945	0.02306574396789074	0.647166907787323
15	0.018551701679825783	0.6628697514533997	0.01904955692589283	0.6245023012161255
16	0.020873025059700012	0.659991443157196	0.014998932369053364	0.6266462206840515
17	0.018314389511942863	0.6644619703292847	0.019230017438530922	0.6477794647216797
18	0.017062336206436157	0.6612162590026855	0.014928373508155346	0.6266462206840515
19	0.01660793647170067	0.6619511246681213	0.018013834953308105	0.6477794647216797
20	0.01750713400542736	0.6583991646766663	0.01990901306271553	0.6477794647216797
21	0.017034748569130898	0.6613999605178833	0.01808394119143486	0.6474732160568237
22	0.016784874722361565	0.6623185873031616	0.015196840278804302	0.6477794647216797
23	0.014724699780344963	0.6609712839126587	0.016754966229200363	0.6477794647216797
24	0.01580091379582882	0.6608487963676453	0.016344740986824036	0.6266462206840515
25	0.01622399501502514	0.6593177914619446	0.01521480455994606	0.6447166800498962
26	0.019912537187337875	0.6612162590026855	0.02003246545791626	0.6388974189758301
27	0.01678205095231533	0.6622573137283325	0.017166418954730034	0.646860659122467
28	0.01724615879356861	0.662441074848175	0.017665384337306023	0.6447166800498962
29	0.015767013654112816	0.661338746547699	0.01590721495449543	0.6477794647216797
30	0.01636543683707714	0.6600526571273804	0.01837978884577751	0.6441041231155396
31	0.015909532085061073	0.6629922389984131	0.017902955412864685	0.6437978744506836
32	0.016891436651349068	0.6583991646766663	0.01835623010993004	0.6290964484214783
33	0.013600068166851997	0.6621348261833191	0.016740309074521065	0.6441041231155396
epoch	loss	acc	val_loss	val_acc
0	0.07728587090969086	0.6315708756446838	0.05301828682422638	0.7225114703178406
1	0.031177999451756477	0.6554046869277954	0.022172799333930016	0.6940275430679321
2	0.027106910943984985	0.6577162742614746	0.029968613758683205	0.7231240272521973
3	0.02987717278301716	0.6548433303833008	0.020160701125860214	0.7231240272521973
4	0.022691553458571434	0.6601000428199768	0.022752534598112106	0.7231240272521973
5	0.023976607248187065	0.658977210521698	0.02280782163143158	0.7231240272521973
6	0.019698483869433403	0.6581096053123474	0.01942664384841919	0.7231240272521973
7	0.019279636442661285	0.6596407294273376	0.030194098129868507	0.7231240272521973
8	0.019114313647150993	0.6586710214614868	0.017807532101869583	0.7231240272521973
9	0.018888484686613083	0.6559807062149048	0.028437728062272072	0.7231240272521973
10	0.020143359899520874	0.6579565405845642	0.027907073497772217	0.7231240272521973
11	0.018991535529494286	0.6579054594039917	0.019144970923662186	0.7231240272521973
12	0.0185896847397089	0.6560171246528625	0.01848563179373741	0.7231240272521973
13	0.016853775829076767	0.6574461460113525	0.02113608829677105	0.7231240272521973
14	0.020466310903429985	0.659130334854126	0.017845358699560165	0.7231240272521973
15	0.017790088430047035	0.6564764976501465	0.014425577595829964	0.7231240272521973
16	0.01662025786936283	0.6559150815010071	0.02587113343179226	0.7231240272521973
17	0.017490217462182045	0.6582117080688477	0.02090304158627987	0.7231240272521973
18	0.015278581529855728	0.6585689783096313	0.01959981955587864	0.7231240272521973
19	0.01614339090883732	0.6548943519592285	0.02407599426805973	0.7231240272521973
20	0.01571703515946865	0.6584668755531311	0.02547379583120346	0.7231240272521973
21	0.016598129644989967	0.6543840169906616	0.01887216418981552	0.6952526569366455
22	0.014751674607396126	0.6550474762916565	0.019044209271669388	0.7231240272521973
23	0.014501525089144707	0.6549453735351562	0.023400504142045975	0.7231240272521973
24	0.014246148988604546	0.6549964547157288	0.016769161447882652	0.7231240272521973
25	0.01615285687148571	0.6558640599250793	0.023214885964989662	0.7231240272521973
26	0.01490381732583046	0.6585178971290588	0.014516531489789486	0.7231240272521973
27	0.014558281749486923	0.655149519443512	0.01899505965411663	0.7231240272521973
28	0.014100286178290844	0.6549964547157288	0.021293682977557182	0.7231240272521973
29	0.01489081047475338	0.6549964547157288	0.015699760988354683	0.6995405554771423
30	0.013369809836149216	0.6555578112602234	0.013727379031479359	0.7231240272521973
31	0.014451255090534687	0.6558129787445068	0.013782968744635582	0.7231240272521973
32	0.01522525493055582	0.6568847894668579	0.021211819723248482	0.7231240272521973
33	0.012918518856167793	0.6567826867103577	0.020704548805952072	0.7231240272521973
34	0.014303366653621197	0.6575992703437805	0.013775601983070374	0.7231240272521973
35	0.014120576903223991	0.6547412276268005	0.017437152564525604	0.6995405554771423
36	0.013999775983393192	0.6541798710823059	0.01912452094256878	0.7231240272521973
37	0.012454496696591377	0.6583137512207031	0.014432084746658802	0.7231240272521973
38	0.012373878620564938	0.6567316651344299	0.015351954847574234	0.7231240272521973
39	0.012885198928415775	0.656425416469574	0.014027290046215057	0.7231240272521973
40	0.012689187191426754	0.6550474762916565	0.023354293778538704	0.7231240272521973
41	0.012175633572041988	0.6584668755531311	0.017882347106933594	0.7231240272521973
42	0.01337787602096796	0.6569358110427856	0.019047245383262634	0.7231240272521973
43	0.012152149342000484	0.6567316651344299	0.021197257563471794	0.7231240272521973
44	0.010600503534078598	0.6564764976501465	0.01273796334862709	0.7231240272521973
45	0.015249921008944511	0.6559661030769348	0.013491292484104633	0.6977028846740723
46	0.012412636540830135	0.6539757251739502	0.011125994846224785	0.7231240272521973
47	0.013339283876121044	0.6580585837364197	0.01688186265528202	0.7231240272521973
48	0.013194511644542217	0.6572420001029968	0.01571495644748211	0.7231240272521973
49	0.012668500654399395	0.6552006006240845	0.013041416183114052	0.7231240272521973
50	0.014325311407446861	0.6580585837364197	0.01594153605401516	0.7231240272521973
51	0.011501963250339031	0.6553536653518677	0.014884160831570625	0.7231240272521973
52	0.011465134099125862	0.6552516222000122	0.01900407299399376	0.6973966360092163
53	0.012671670876443386	0.6553536653518677	0.01557280495762825	0.7231240272521973
54	0.011697682552039623	0.6562212705612183	0.01815192960202694	0.7231240272521973
55	0.011770976707339287	0.657701313495636	0.017675362527370453	0.7231240272521973
56	0.01112104021012783	0.6562723517417908	0.013519072905182838	0.7231240272521973
57	0.012994548305869102	0.6566806435585022	0.014416000805795193	0.7016845345497131
58	0.012717209756374359	0.6559661030769348	0.01379365660250187	0.6973966360092163
59	0.011329647153615952	0.6547412276268005	0.01476387307047844	0.700153112411499
60	0.011196634732186794	0.6563233733177185	0.01345119345933199	0.7231240272521973
61	0.010718051344156265	0.6569868326187134	0.01254271436482668	0.7231240272521973
epoch	loss	acc	val_loss	val_acc
0	0.0957334041595459	0.6176123023033142	0.02702288143336773	0.6713629364967346
1	0.03513766825199127	0.6645085215568542	0.039825938642024994	0.6716692447662354
2	0.025585345923900604	0.6675707697868347	0.0451870895922184	0.6716692447662354
3	0.026310542598366737	0.6664770841598511	0.019018450751900673	0.6716692447662354
4	0.02500155381858349	0.6663020849227905	0.016315879300236702	0.6716692447662354
5	0.0213945209980011	0.6663895845413208	0.019895240664482117	0.6716692447662354
6	0.0212627612054348	0.664421021938324	0.02462233416736126	0.6716692447662354
7	0.018689129501581192	0.6636335849761963	0.013345424085855484	0.6716692447662354
8	0.021866003051400185	0.6643772721290588	0.019080663099884987	0.6716692447662354
9	0.016804661601781845	0.6645085215568542	0.013981862924993038	0.6716692447662354
10	0.017544304952025414	0.6657771468162537	0.0149085633456707	0.6716692447662354
11	0.019517112523317337	0.6654272079467773	0.024620341137051582	0.6716692447662354
12	0.01767490990459919	0.665558397769928	0.016525646671652794	0.6716692447662354
13	0.018715091049671173	0.6651209592819214	0.01583951711654663	0.6716692447662354
14	0.01672644354403019	0.6627586483955383	0.021152382716536522	0.6716692447662354
15	0.016563838347792625	0.6640272736549377	0.014964515343308449	0.6716692447662354
16	0.016916634514927864	0.6636773347854614	0.017348965629935265	0.6716692447662354
17	0.014809352345764637	0.6661271452903748	0.01589174009859562	0.6716692447662354
18	0.015201573260128498	0.6657333970069885	0.012882676906883717	0.6716692447662354
19	0.014393105171620846	0.6665208339691162	0.016026651486754417	0.6716692447662354
20	0.014899853616952896	0.6623649597167969	0.015342812985181808	0.6716692447662354
21	0.015035412274301052	0.6670020818710327	0.012643312104046345	0.6716692447662354
22	0.014798471704125404	0.6653397083282471	0.013796437531709671	0.6716692447662354
23	0.014013662934303284	0.6648584604263306	0.01230902411043644	0.6716692447662354
24	0.01484426949173212	0.6623212099075317	0.023242373019456863	0.6716692447662354
25	0.013880212791264057	0.662102460861206	0.01653597503900528	0.6716692447662354
26	0.014178752899169922	0.6624961495399475	0.012152205221354961	0.6716692447662354
27	0.012910491786897182	0.6636773347854614	0.013096097856760025	0.6716692447662354
28	0.012854422442615032	0.663546085357666	0.014275828376412392	0.6716692447662354
29	0.014573229476809502	0.6645085215568542	0.015405969694256783	0.6716692447662354
30	0.01501326821744442	0.6656021475791931	0.016179651021957397	0.6716692447662354
31	0.012510832399129868	0.6636335849761963	0.009242101572453976	0.6716692447662354
32	0.01305360533297062	0.6652084589004517	0.011488380841910839	0.6716692447662354
33	0.013218694366514683	0.6631523966789246	0.01431006658822298	0.6716692447662354
34	0.012228596024215221	0.6649459600448608	0.009821714833378792	0.6716692447662354
35	0.013238035142421722	0.6644647121429443	0.012317657470703125	0.6716692447662354
36	0.011958327144384384	0.6638960838317871	0.014321071095764637	0.6716692447662354
37	0.012661801651120186	0.6643772721290588	0.014294424094259739	0.6716692447662354
38	0.01236610859632492	0.6625398993492126	0.011886105872690678	0.6716692447662354
39	0.013103381730616093	0.664421021938324	0.013148555532097816	0.6716692447662354
40	0.014090627431869507	0.6622337102890015	0.010346992872655392	0.6716692447662354
41	0.012179020792245865	0.6631960868835449	0.011495592072606087	0.6716692447662354
42	0.012621141970157623	0.6624523997306824	0.012308820150792599	0.6716692447662354
43	0.011940672993659973	0.6670458316802979	0.013493011705577374	0.6716692447662354
44	0.012397813610732555	0.6659083962440491	0.012412362731993198	0.6716692447662354
45	0.012072959914803505	0.6652084589004517	0.01301742997020483	0.6716692447662354
46	0.012273036874830723	0.6626711487770081	0.011467325501143932	0.6716692447662354
epoch	loss	acc	val_loss	val_acc
0	0.08279222249984741	0.6524651646614075	0.04005669057369232	0.6387442350387573
1	0.03364500775933266	0.66352778673172	0.04058949649333954	0.6399693489074707
2	0.02660948969423771	0.666628360748291	0.029241980984807014	0.6390505433082581
3	0.02843194082379341	0.6636426448822021	0.04216645658016205	0.6399693489074707
4	0.021650897338986397	0.6685805916786194	0.02383548393845558	0.6399693489074707
5	0.021318184211850166	0.6663987040519714	0.04195316880941391	0.6399693489074707
6	0.01946479082107544	0.6667049527168274	0.022216780111193657	0.6390505433082581
7	0.01973947137594223	0.6664752960205078	0.02741076983511448	0.6399693489074707
8	0.020312929525971413	0.6665135622024536	0.02468111552298069	0.6399693489074707
9	0.018024899065494537	0.6655565500259399	0.02715642750263214	0.6399693489074707
10	0.017870331183075905	0.6668198108673096	0.01744469627737999	0.6399693489074707
11	0.017461836338043213	0.6639105677604675	0.025371454656124115	0.6399693489074707
12	0.016448386013507843	0.6668963432312012	0.017586523666977882	0.6369065642356873
13	0.016491353511810303	0.6660924553871155	0.021358255296945572	0.6399693489074707
14	0.016973458230495453	0.6644847393035889	0.02458011917769909	0.6399693489074707
15	0.016765598207712173	0.6653651595115662	0.023650307208299637	0.6399693489074707
16	0.015009216032922268	0.6666666865348816	0.016256237402558327	0.6366003155708313
17	0.013263664208352566	0.6660541892051697	0.023393457755446434	0.6203675270080566
18	0.01522201206535101	0.6674705147743225	0.016976159065961838	0.6399693489074707
19	0.01450556144118309	0.665058970451355	0.01707240752875805	0.6396631002426147
20	0.014827536419034004	0.664752721786499	0.017086869105696678	0.6206738352775574
21	0.014281748794019222	0.6642168164253235	0.016836993396282196	0.6396631002426147
22	0.013879270292818546	0.6658245325088501	0.02358749695122242	0.6222051978111267
23	0.013864983804523945	0.6622263193130493	0.018232231959700584	0.6234303116798401
24	0.01325980480760336	0.6628387570381165	0.016449635848402977	0.6390505433082581
25	0.013363510370254517	0.6671259999275208	0.016803434118628502	0.639356791973114
26	0.015116753056645393	0.6660541892051697	0.01878982037305832	0.6209800839424133
27	0.014202245511114597	0.6654351353645325	0.01906925067305565	0.6387442350387573
28	0.013052432797849178	0.6660541892051697	0.015182902105152607	0.6366003155708313
29	0.013187985867261887	0.6639488339424133	0.016138408333063126	0.6225115060806274
30	0.01337441522628069	0.6637191772460938	0.01448416244238615	0.6228177547454834
31	0.013325975276529789	0.663068413734436	0.02057558484375477	0.6231240630149841
32	0.012340216897428036	0.6644464731216431	0.018734531477093697	0.6234303116798401
33	0.014272213913500309	0.6644082069396973	0.016235115006566048	0.6399693489074707
34	0.0115119069814682	0.6672791242599487	0.015002951957285404	0.6399693489074707
35	0.012135690078139305	0.6666666865348816	0.01754770800471306	0.6399693489074707
36	0.013002065010368824	0.6642550826072693	0.01615976169705391	0.6399693489074707
37	0.013156930916011333	0.666934609413147	0.014057043939828873	0.6366003155708313
38	0.01154208555817604	0.6653651595115662	0.016086602583527565	0.6399693489074707
39	0.012021896429359913	0.6658627986907959	0.014748653396964073	0.6234303116798401
40	0.01171895768493414	0.664599597454071	0.01508365198969841	0.6234303116798401
41	0.012253674678504467	0.6640636920928955	0.016071518883109093	0.6399693489074707
42	0.012043033726513386	0.6657862663269043	0.014036671258509159	0.6231240630149841
43	0.011688539758324623	0.6630301475524902	0.01625373400747776	0.6228177547454834
44	0.01085933018475771	0.6640254259109497	0.012616066262125969	0.6399693489074707
45	0.012016762048006058	0.6646761894226074	0.012697020545601845	0.6399693489074707
46	0.011036667041480541	0.6645230650901794	0.013359716162085533	0.6399693489074707
47	0.012171379290521145	0.666628360748291	0.013450607657432556	0.6399693489074707
48	0.010147059336304665	0.6675853729248047	0.013549959287047386	0.6399693489074707
49	0.01046221423894167	0.6647144556045532	0.017712485045194626	0.6261868476867676
50	0.011015072464942932	0.6659393906593323	0.017455561086535454	0.6399693489074707
51	0.011160099878907204	0.6658627986907959	0.016297923400998116	0.6185298562049866
52	0.010767513886094093	0.6668580770492554	0.01646539382636547	0.6396631002426147
53	0.010983924381434917	0.6650972366333008	0.017492951825261116	0.619448721408844
54	0.010626881383359432	0.6647544503211975	0.016778692603111267	0.6271056532859802
55	0.010122023522853851	0.6673939824104309	0.013162397779524326	0.6277182102203369
56	0.01067610364407301	0.666781485080719	0.016231723129749298	0.6399693489074707
57	0.010211377404630184	0.665058970451355	0.015272719785571098	0.6399693489074707
58	0.010185502469539642	0.6663604378700256	0.013608912006020546	0.6228177547454834
59	0.010456565767526627	0.6652503609657288	0.015505797229707241	0.6399693489074707
epoch	loss	acc	val_loss	val_acc
0	0.06971239298582077	0.6383170485496521	0.02958601899445057	0.6578866839408875
1	0.03698759153485298	0.6591071486473083	0.018130067735910416	0.6578866839408875
2	0.02867560274899006	0.661454975605011	0.03578333184123039	0.6578866839408875
3	0.02518583834171295	0.6628840565681458	0.021404197439551353	0.6578866839408875
4	0.024372979998588562	0.6612508296966553	0.021914854645729065	0.6578866839408875
5	0.02216959558427334	0.6641089916229248	0.017210327088832855	0.6578866839408875
6	0.02120177447795868	0.6617271900177002	0.031359072774648666	0.6578866839408875
7	0.02186431735754013	0.6623396277427673	0.022221403196454048	0.6575803756713867
8	0.020791543647646904	0.6620334386825562	0.034471336752176285	0.6578866839408875
9	0.01905338652431965	0.6621014475822449	0.038445547223091125	0.6578866839408875
10	0.019142916426062584	0.6625438332557678	0.043123479932546616	0.6578866839408875
11	0.016942590475082397	0.662850022315979	0.013220083899796009	0.6542113423347473
12	0.01755554974079132	0.6633604168891907	0.014008067548274994	0.6578866839408875
13	0.018126536160707474	0.6624417304992676	0.016403447836637497	0.6542113423347473
14	0.015389901585876942	0.6618632674217224	0.014202071353793144	0.6535987854003906
15	0.016270911321043968	0.6611146926879883	0.013889291323721409	0.6578866839408875
16	0.01527367439121008	0.6634965538978577	0.01163887232542038	0.6578866839408875
17	0.014771964401006699	0.6617612242698669	0.0196722149848938	0.6542113423347473
18	0.01510776299983263	0.6607404351234436	0.012420753948390484	0.6578866839408875
19	0.014084849506616592	0.6622716188430786	0.02204803191125393	0.6578866839408875
20	0.01587945967912674	0.6609105467796326	0.014781496487557888	0.6545175909996033
21	0.014472374692559242	0.6615570187568665	0.0223401952534914	0.6545175909996033
22	0.01406046561896801	0.6610126495361328	0.013704213313758373	0.6578866839408875
23	0.01524550374597311	0.6600598692893982	0.013004692271351814	0.6545175909996033
24	0.01425273809581995	0.6610806584358215	0.012975896708667278	0.6542113423347473
25	0.01393724326044321	0.6622716188430786	0.018680915236473083	0.6545175909996033
26	0.013230904005467892	0.6613528728485107	0.01115956250578165	0.6545175909996033
27	0.012253551743924618	0.6621695160865784	0.009921177290380001	0.6578866839408875
28	0.01365178544074297	0.6631903052330017	0.01735975407063961	0.6578866839408875
29	0.013015852309763432	0.6627820134162903	0.015923622995615005	0.6545175909996033
30	0.012970540672540665	0.6609445810317993	0.022353991866111755	0.6542113423347473
31	0.012490476481616497	0.6607404351234436	0.012680372223258018	0.6578866839408875
32	0.013729603961110115	0.6598897576332092	0.020245499908924103	0.6545175909996033
33	0.012077696621418	0.6593453288078308	0.014292492531239986	0.6542113423347473
34	0.01403041835874319	0.6613869071006775	0.012335453182458878	0.6542113423347473
35	0.012963484972715378	0.6609786152839661	0.012516262009739876	0.6542113423347473
36	0.011880696751177311	0.6609739661216736	0.011612854897975922	0.6545175909996033
37	0.01159089244902134	0.6601619720458984	0.01081258337944746	0.6578866839408875
38	0.011244624853134155	0.6622716188430786	0.013425910845398903	0.6578866839408875
39	0.012733650393784046	0.6626118421554565	0.010055611841380596	0.6545175909996033
40	0.011418496258556843	0.6606723666191101	0.010973138734698296	0.6545175909996033
41	0.010902021080255508	0.6618973016738892	0.012193350121378899	0.6545175909996033
42	0.010557080619037151	0.6618973016738892	0.009938773699104786	0.6578866839408875
epoch	loss	acc	val_loss	val_acc
0	0.05977162718772888	0.6513903141021729	0.02728675678372383	0.7554364204406738
1	0.03204159066081047	0.6603938341140747	0.043852221220731735	0.7569678425788879
2	0.02898787334561348	0.6612023711204529	0.026395952329039574	0.7569678425788879
3	0.025306589901447296	0.6629356145858765	0.018071725964546204	0.7569678425788879
4	0.02356480062007904	0.6628437638282776	0.03001754730939865	0.7569678425788879
5	0.02053392492234707	0.6621700525283813	0.018144506961107254	0.7569678425788879
6	0.02036990039050579	0.6626293659210205	0.020772838965058327	0.7569678425788879
7	0.019290680065751076	0.6629968881607056	0.02291475608944893	0.7569678425788879
8	0.02082260698080063	0.6612206697463989	0.019256779924035072	0.7569678425788879
9	0.017138347029685974	0.6622925400733948	0.027027977630496025	0.7569678425788879
10	0.016354115679860115	0.6596588492393494	0.018530361354351044	0.7569678425788879
11	0.015406619757413864	0.6621394157409668	0.019868161529302597	0.7569678425788879
12	0.0174526609480381	0.6621394157409668	0.01869674026966095	0.7569678425788879
13	0.01602005399763584	0.661588191986084	0.024331923574209213	0.7569678425788879
14	0.01593293435871601	0.6594750881195068	0.0182311050593853	0.7569678425788879
15	0.015645453706383705	0.6620169281959534	0.0197820495814085	0.7566615343093872
16	0.014555247500538826	0.6613431572914124	0.015325973741710186	0.7514548301696777
17	0.015060262754559517	0.6593219637870789	0.01855401135981083	0.7569678425788879
18	0.015173451043665409	0.6594138741493225	0.019247038289904594	0.7569678425788879
19	0.013638993725180626	0.6613431572914124	0.017704490572214127	0.7569678425788879
20	0.012896725907921791	0.6633643507957458	0.016027020290493965	0.7569678425788879
21	0.013266836293041706	0.6616494059562683	0.012622647918760777	0.7569678425788879
22	0.012619915418326855	0.6625068783760071	0.015335395000874996	0.7569678425788879
23	0.012575657106935978	0.6617106795310974	0.025764917954802513	0.751148521900177
24	0.013450362719595432	0.6618638038635254	0.013222222216427326	0.7569678425788879
25	0.01294594444334507	0.6607919335365295	0.019452281296253204	0.7569678425788879
26	0.013584032654762268	0.6606714725494385	0.016570745036005974	0.7566615343093872
27	0.013717624358832836	0.6627212762832642	0.01856084167957306	0.7569678425788879
28	0.01336445938795805	0.6606694459915161	0.012821036390960217	0.7557427287101746
29	0.012583453208208084	0.6603938341140747	0.018289659172296524	0.7569678425788879
30	0.013441468589007854	0.6599650979042053	0.014908479526638985	0.7566615343093872
31	0.011581380851566792	0.6622925400733948	0.015552639961242676	0.7566615343093872
32	0.011078612878918648	0.6615269184112549	0.014454479329288006	0.7560489773750305
33	0.011350242421030998	0.6618025302886963	0.01573779620230198	0.7554364204406738
34	0.01152593083679676	0.6600263118743896	0.012530806474387646	0.7563552856445312
35	0.011884959414601326	0.661588191986084	0.01684095337986946	0.7569678425788879
36	0.011412822641432285	0.6608225703239441	0.016093669459223747	0.751148521900177
37	0.01180882565677166	0.6604263782501221	0.016006402671337128	0.7548238635063171
38	0.013132319785654545	0.6626293659210205	0.0168054960668087	0.7539050579071045
39	0.011587806977331638	0.6611594557762146	0.013326647691428661	0.7560489773750305
40	0.011117566376924515	0.6603019833564758	0.01619124785065651	0.7566615343093872
41	0.01105452235788107	0.660914421081543	0.01724471151828766	0.7551301717758179
42	0.011406606063246727	0.661067545413971	0.014214622788131237	0.7523736357688904
43	0.010646545328199863	0.6614044308662415	0.012813595123589039	0.7560489773750305
44	0.010055141523480415	0.6612513065338135	0.01807999424636364	0.7560489773750305
45	0.011229961179196835	0.6626600027084351	0.01208861917257309	0.7566615343093872
46	0.011361470445990562	0.6620475053787231	0.016161596402525902	0.7554364204406738
47	0.011088436469435692	0.6625681519508362	0.014622786082327366	0.7563552856445312
48	0.010520147159695625	0.6616494059562683	0.013948201201856136	0.7563552856445312
49	0.010044675320386887	0.6580663919448853	0.01240421924740076	0.7566615343093872
50	0.010256819427013397	0.6611594557762146	0.013638246804475784	0.7569678425788879
51	0.011214666068553925	0.6609450578689575	0.015988942235708237	0.7563552856445312
52	0.009968185797333717	0.6605775952339172	0.018441250547766685	0.7569678425788879
53	0.010774889960885048	0.6617718935012817	0.014706723392009735	0.7569678425788879
54	0.010433660820126534	0.6611900329589844	0.01288700196892023	0.7563552856445312
55	0.00981935951858759	0.6592913866043091	0.013358761556446552	0.7560489773750305
56	0.009879144839942455	0.6597813367843628	0.014039753936231136	0.7566615343093872
57	0.010072299279272556	0.6610063314437866	0.013881810940802097	0.7569678425788879
58	0.009786323644220829	0.6614656448364258	0.013705375604331493	0.7566615343093872
59	0.009850776754319668	0.6605775952339172	0.013873705640435219	0.7532925009727478
60	0.010786125436425209	0.6608532071113586	0.012382730841636658	0.7569678425788879
